5.89213176e-02 5.28980615e-02 5.64546786e-02 5.51938686e-02 4.71541000e-02
5.74868149e-02 5.09718326e-02 5.32811738e-02 5.44298144e-02 4.62315230e-02
6.13748770e-02 5.14754711e-02 5.40503774e-02 5.53828564e-02 4.48235400e-02
6.27731027e-02 5.11314149e-02 5.50045947e-02 5.60987328e-02 4.81552000e-02
5.68207534e-02 5.27757063e-02 5.41914748e-02 5.59227452e-02 4.63632100e-02
6.08413481e-02 5.11795787e-02 5.32957098e-02 5.46697394e-02 4.67256350e-02
5.58348942e-02 4.96630078e-02 5.21465836e-02 5.39964390e-02 4.56894000e-02
5.78730138e-02 4.92120749e-02 5.17149648e-02 5.25553474e-02 4.63639250e-02
5.82120518e-02 5.02076322e-02 5.26729945e-02 5.41265667e-02 4.45311500e-02
5.83246340e-02 5.25145370e-02 5.46281318e-02 5.52485548e-02 4.64641250e-02
5.65787487e-02 5.19367960e-02 5.43434004e-02 5.55364002e-02 4.73102000e-02
5.76191271e-02 4.96543944e-02 5.31151895e-02 5.32576561e-02 4.50235080e-02
6.31688400e-02 5.45216137e-02 5.76421485e-02 5.82013240e-02 4.41838600e-02
6.00046979e-02 5.36461051e-02 5.57197441e-02 5.65074174e-02 4.91962000e-02
5.83419487e-02 5.13004261e-02 5.48883505e-02 5.59192242e-02 4.56311800e-02
6.01211392e-02 5.28982230e-02 5.66251786e-02 5.58390003e-02 4.62462780e-02
6.17083239e-02 5.12093109e-02 5.45951160e-02 5.46058146e-02 4.57609600e-02
6.10707511e-02 5.11474668e-02 5.43710909e-02 5.52714595e-02 4.47698020e-02
5.40134936e-02 4.85303295e-02 5.33149200e-02 5.34857016e-02 4.59563200e-02
5.95168838e-02 5.33004828e-02 5.49931462e-02 5.64441352e-02 4.60942600e-02
6.16617760e-02 5.15402800e-02 5.46734237e-02 5.47111267e-02 4.52843000e-02
5.52972887e-02 4.89399094e-02 5.06989443e-02 5.23598786e-02 4.82316320e-02
5.94929733e-02 5.29854602e-02 5.62744815e-02 5.63605034e-02 4.76343200e-02
5.80040099e-02 5.02624694e-02 5.25579748e-02 5.40184219e-02 4.55860000e-02
5.68854590e-02 5.07205331e-02 5.36768302e-02 5.44759465e-02 4.68933300e-02
5.71540371e-02 4.86883123e-02 5.27245731e-02 5.34620565e-02 4.52660670e-02
6.18338069e-02 5.22605440e-02 5.49341509e-02 5.48738218e-02 4.70289500e-02
6.04108495e-02 5.26345659e-02 5.46821358e-02 5.61789829e-02 4.50060900e-02
5.92467371e-02 5.02440014e-02 5.35098037e-02 5.51200335e-02 4.73531800e-02
5.63688534e-02 5.06401658e-02 5.47933115e-02 5.54994862e-02 4.89804480e-02
5.96132343e-02 5.33862462e-02 5.63039034e-02 5.72648647e-02 4.48194000e-02
5.94438845e-02 4.98340845e-02 5.27436965e-02 5.47651226e-02 4.62881520e-02
6.17879693e-02 5.15998423e-02 5.36547910e-02 5.54685491e-02 4.46255000e-02
5.90214339e-02 5.17579939e-02 5.40571131e-02 5.61849796e-02 4.39655000e-02
5.96278966e-02 5.03560542e-02 5.41541988e-02 5.39240900e-02 4.45863210e-02
5.93620035e-02 5.31519822e-02 5.65897526e-02 5.67804633e-02 4.62723500e-02
5.79460630e-02 5.21173265e-02 5.42630555e-02 5.42373603e-02 4.72578980e-02
5.95423866e-02 5.06787056e-02 5.49591464e-02 5.58804866e-02 4.68649500e-02
5.74298676e-02 5.37819331e-02 5.32049065e-02 5.58534764e-02 4.50031100e-02
5.96052408e-02 5.06705942e-02 5.46666528e-02 5.47898705e-02 4.76412900e-02
5.97467000e-02 5.11358243e-02 5.29404800e-02 5.38823950e-02 4.65055000e-02
5.83681774e-02 5.22985128e-02 5.45935450e-02 5.55495292e-02 4.40015370e-02
6.09768193e-02 5.26212541e-02 5.53435130e-02 5.59121479e-02 4.69304600e-02
5.81241572e-02 4.98658548e-02 5.39761571e-02 5.34918991e-02 4.62505200e-02
5.66766506e-02 5.12926413e-02 5.40521202e-02 5.49263568e-02 4.78602800e-02
6.07270811e-02 5.05091135e-02 5.17688860e-02 5.35542537e-02 4.35503100e-02
5.69570351e-02 5.25729472e-02 5.48169576e-02 5.57928792e-02 4.29969920e-02
5.95849374e-02 5.08409379e-02 5.40255966e-02 5.48578761e-02 4.50581600e-02
5.72881237e-02 5.22905584e-02 5.39082940e-02 5.47861851e-02 4.65021600e-02
5.90006358e-02 4.91966519e-02 5.16157473e-02 5.33398380e-02 4.45204200e-02
